# The LJ12_6 Force field parameter file
# ParticleType = Epsilon/kB(K) Sigma(nm) Mass(amu)

H    = 8.6      0.281     1.00794
He   = 10.2     0.228     4.002602 
C    = 51.2     0.335     12.0107
N    = 37.3     0.331     14.0067
O    = 61.6     0.295     15.9994
F    = 52.8     0.283     18.9984032
Ne   = 47.0     0.272     20.1797
S    = 183.0    0.352     32.065
Cl   = 173.5    0.335     35.453
Ar   = 119.8    0.341     39.948
Br   = 257.2    0.354     79.904
Kr   = 164.0    0.383     83.798


# End of file
